942.0
567.0
426.0
87.0
529.0
625.0
-114.0
863.0
-528.0
379.0
508.0
-59.0
645.0
-535.0
335.0
-791.0
-436.0
271.0
-253.0
572.0
195.0
-915.0
-729.0
517.0
35.0
-348.0
771.0
-510.0
-952.0
-1032.0
-358.0
-557.0
123.0
189.0
414.0
274.0
-349.0
1174.0
-6.0
-1025.0
-778.0
-472.0
403.0
1597.0
406.0
323.0
110.0
1573.0
427.0
-669.0
-909.0
299.0
1203.0
-1399.0
566.0
103.0
-604.0
411.0
125.0
-48.0
623.0
-433.0
77.0
-486.0
-167.0
-495.0
477.0
-530.0
740.0
1175.0
-532.0
330.0
-165.0
150.0
646.0
631.0
-1247.0
1704.0
508.0
-156.0
-663.0
1558.0
815.0
-743.0
-1522.0
1003.0
-261.0
-755.0
-1000.0
399.0
668.0
-615.0
-1488.0
-157.0
504.0
490.0
-153.0
511.0
1155.0
564.0
184.0
-51.0
-183.0
254.0
-645.0
-201.0
929.0
452.0
781.0
389.0
-97.0
487.0
-63.0
-630.0
13.0
-336.0
-156.0
1656.0
-545.0
-235.0
-1049.0
-113.0
235.0
315.0
-1093.0
175.0
888.0
26.0
