txt
0
255
0
0
0
0
0
0
0
0
0
0
0
0
0
0
0
0
0
0
0
0
0
1
31
63
60
14
0
0
0
0
0
0
0
0
0
0
8
143
234
249
251
155
5
0
0
0
0
0
0
0
0
0
115
255
150
71
145
230
32
0
0
0
0
0
0
0
0
0
96
114
0
0
183
214
13
0
0
0
0
0
0
0
0
0
0
0
0
92
255
143
1
0
0
0
0
0
0
0
0
0
0
0
29
213
212
25
0
0
0
0
0
0
0
0
0
0
0
1
170
247
58
0
0
0
0
0
0
0
0
0
0
0
0
73
254
146
1
0
0
0
0
0
0
0
0
0
0
0
16
196
232
41
0
0
0
0
0
0
0
0
0
0
0
0
93
255
101
0
0
0
0
0
5
22
16
0
0
0
0
0
107
255
191
156
157
108
111
162
193
218
187
32
0
0
0
0
44
188
207
223
255
247
205
187
152
107
74
19
0
0
0
0
0
9
13
20
40
36
16
3
0
0
0
0
0
0
0
0
0
0
0
0
0
0
0
0
0
0
0
0
0
0
0
0
0
0
0
0
0
0
0
0
0
0
0
0
